-17
0
-4
-2
-5
-38
9
28
-48
-10
19
27
-11
13
-35
64
-34
-2
-9
-29
-5
27
36
-55
8
7
22
45
24
23
-29
-9
12
-28
-6
-4
0
-8
0
49
0
-17
-23
19
1
21
-25
35
46
11
10
20
9
-7
-19
-14
9
10
-10
-3
11
-5
8
15
16
3
-6
-10
-6
-5
-6
-19
10
-16
7
10
14
17
8
16
-7
-14
-3
1
10
13
-15
9
13
-14
3
11
-7
-1
-2
0
0
0
0
4
0
0
-7
-7
-9
-3
-1
-7
0
3
-4
8
8
-1
0
8
0
-4
-7
-4
1
1
-4
-6
7
5
-14
15
2
7
-1
-4
-10
7
-1
2
-3
0
0
5
4
0
0
4
4
-6
4
0
-3
-8
2
1
-7
0
0
-3
-5
0
-2
-5
2
-1
2
-4
-3
3
3
-2
0
-2
0
7
-2
0
-1
-3
1
1
0
-4
-2
-3
5
0
3
0
1
0
4
0
3
2
2
7
-5
1
-4
-4
-8
0
0
0
-3
3
-2
0
0
0
-1
-5
0
6
0
-1
1
-4
1
0
1
0
-1
-2
0
-5
-2
0
-5
0
2
-2
0
-1
1
1
-1
-1
2
0
0
0
-3
-1
0
0
2
3
-1
1
-1
0
1
0
2
0
0
-1
-2
0
3
-3
-3
1
-1
-1
1
-2
1
5
0
-3
2
0
2
1
-1
2
-2
-4
0
3
0
1
0
-4
1
0
0
0
1
-1
3
-1
3
0
0
0
0
-1
2
1
1
3
-2
-5
0
0
-3
1
-2
-1
0
-4
0
0
0
-2
1
-2
1
0
-3
1
2
-2
2
0
0
1
-3
0
0
-4
3
4
-3
0
0
0
3
-3
-4
2
-1
1
4
1
-3
0
2
5
3
-1
0
-1
-1
0
2
-1
-2
-2
0
3
-1
-2
0
0
1
1
0
-3
5
-2
4
2
-2
-1
1
-2
2
0
0
1
0
0
2
-3
1
1
2
0
4
-1
0
1
-3
2
1
-5
0
4
-3
5
-1
-2
3
3
-1
2
0
-1
2
-3
0
-1
-5
-1
-2
-5
1
3
-3
6
0
1
1
1
0
3
-2
-1
2
0
2
1
-1
0
0
0
4
1
-2
0
0
-3
2
0
-2
3
-1
-1
0
-3
2
4
-4
-3
0
-2
3
2
0
0
-2
-3
1
0
0
1
-1
-2
3
0
1
2
-1
1
1
-3
1
1
0
1
0
-3
0
2
-1
1
-2
-1
1
0
1
0
-2
-1
2
-2
2
1
-1
1
0
0
0
2
-1
2
-1
-3
2
0
-1
1
-3
-1
0
-2
0
1
0
0
1
-4
2
0
-2
0
1
0
1
0
0
0
-2
-2
2
0
0
3
-3
-1
0
-2
2
4
-2
0
1
-1
2
0
-1
0
-1
-2
0
-1
0
2
-1
-1
1
0
0
2
0
-2
0
-2
-1
0
-3
0
0
-1
2
0
-1
0
0
-1
1
0
0
0
0
-1
2
0
1
0
-4
0
0
-2
2
1
-2
1
-6
-8
0
0
0
3
-3
0
0
-1
0
3
-1
0
0
-3
-1
1
-1
2
-1
-2
3
0
0
3
0
-1
1
-1
1
2
-2
1
0
-2
0
0
-2
0
0
-1
3
0
0
1
-1
-1
2
-3
1
3
-3
2
0
-3
2
2
0
0
-1
-2
3
0
0
2
-3
-1
3
-1
-1
2
-3
0
0
-4
4
2
-1
2
0
-3
4
0
-3
3
-4
-4
2
-3
0
4
-4
0
2
-3
3
4
-2
2
0
-3
4
0
-3
4
-3
1
3
-1
0
2
-3
0
2
-5
2
2
-3
2
0
-6
5
1
-2
4
-4
-2
4
-1
0
2
-5
-1
1
-5
2
1
-3
3
0
-5
2
1
-3
3
-4
-4
3
0
0
4
-6
-1
0
-3
16
4
-3
0
-1
-4
5
0
-3
5
-2
-2
4
-1
0
7
-5
0
3
-4
3
3
-4
2
0
-5
3
0
-4
4
-3
-5
3
-2
0
4
-4
0
4
-4
1
2
-6
1
0
-4
2
3
-3
5
0
-5
5
-2
0
4
-5
-1
2
-4
3
4
-3
1
1
-5
4
0
-1
4
-4
-4
7
-2
0
3
-3
0
2
-4
2
2
-4
1
-1
-5
4
1
0
3
-3
-3
4
-1
1
4
-3
0
0
-2
4
1
-1
2
0
-4
4
-1
-1
4
-3
-2
3
-3
1
4
-6
0
2
-2
3
2
-4
1
0
-1
2
1
0
2
-2
-2
2
-2
0
3
-4
-1
0
-3
2
3
-1
0
0
-3
1
0
-1
3
0
-1
1
-1
1
1
-1
0
1
-3
0
0
-2
1
-1
0
2
0
-1
2
-2
0
-1
0
0
1
0
1
0
-1
0
1
-1
1
1
-1
0
-2
0
2
-1
0
0
0
0
0
0
0
0
0
0
-1
2
0
-1
0
0
-1
0
0
0
0
1
0
0
0
-1
0
1
-1
2
0
0
0
-1
-1
0
0
-1
1
0
-2
0
1
0
0
0
-1
0
0
0
1
0
-1
1
0
0
2
-2
-1
0
-1
0
1
-2
0
0
-1
2
2
-3
0
0
-2
2
1
-2
2
0
-3
2
-2
1
2
-2
-2
0
-2
3
2
-3
0
0
-3
3
1
-1
3
-2
-2
3
-3
0
2
-5
-2
1
-4
3
4
-4
2
-1
-4
4
0
-1
4
-3
-2
4
-2
1
4
-4
0
2
-4
4
2
-3
2
0
-5
5
0
-1
4
-3
-3
5
-2
1
4
-4
0
2
-4
3
3
-4
3
0
-5
4
0
0
4
-4
-3
3
-2
2
3
-6
0
1
-4
3
2
-4
3
-2
-5
6
0
-1
4
-4
-2
4
-3
1
3
-5
0
-1
-4
4
4
-4
3
-2
-4
6
-1
-1
4
-3
-2
4
-5
2
4
-5
0
0
-5
4
3
-3
4
0
-3
7
-1
0
5
-4
-3
3
-5
1
5
-6
1
0
-4
4
4
-3
5
-1
-4
6
0
0
7
-3
-3
4
-5
1
1
-7
0
0
-5
1
1
-3
6
0
-1
5
2
0
5
-2
-3
4
-3
3
1
-5
-2
0
-7
2
0
-5
4
-4
-2
3
0
0
5
-1
0
6
-2
3
3
-3
-1
0
-6
2
0
-6
1
-4
-2
2
1
-2
8
-2
-1
4
-1
4
4
0
-1
1
-8
5
-2
-6
0
-5
-4
2
0
-2
6
-3
0
5
1
4
5
-1
0
6
-5
5
0
-4
0
-3
-10
2
-1
-3
6
-7
-1
1
1
2
8
-2
2
5
-3
7
2
-4
-1
0
-9
4
-2
-4
3
-7
-4
4
0
-1
10
-6
3
6
-4
6
4
-1
3
0
-10
7
-1
-4
1
-6
-4
3
-1
-4
6
-5
1
4
-4
4
10
-2
3
0
-9
9
0
-4
4
-5
-6
6
-7
0
7
-8
0
-1
-6
3
8
-5
0
-1
-1
9
2
-6
5
0
-4
7
-5
0
12
-6
-7
2
-8
10
6
-13
2
-4
-5
8
-3
-5
13
-3
-3
1
-1
8
10
-3
-3
5
0
8
-1
-12
-1
6
-12
2
0
-8
14
-10
-13
5
1
9
16
-17
1
9
-7
13
-1
-3
9
0
-14
1
-5
1
2
-13
-8
3
5
-4
5
-13
4
13
-3
5
11
-4
9
4
-21
15
4
1
6
-16
-11
9
-8
0
4
-12
6
0
-9
1
7
0
9
-2
-5
10
6
2
3
-5
-6
13
-5
-1
4
-11
-4
3
-16
3
7
-11
6
-10
-12
11
4
-2
13
-11
0
12
-4
9
9
-4
5
5
-14
8
-1
-1
1
-11
-12
0
0
-6
0
-12
1
9
7
-4
11
-4
6
17
-7
10
12
0
4
-5
-25
16
-2
-1
0
-26
-4
2
-14
-3
6
-11
18
-4
-7
2
10
10
7
-2
-2
11
7
3
-7
-3
-5
16
-8
-8
0
-10
-1
2
-18
-1
13
-8
9
-15
-11
12
10
5
13
-13
6
18
-8
11
1
0
9
3
-21
3
-6
3
0
-17
-14
-4
1
-4
-3
-17
7
8
8
-7
6
0
13
20
-9
1
11
7
3
-1
-29
12
5
2
-2
-28
-10
10
-8
-2
0
-20
20
-2
-11
0
5
9
24
-8
-1
4
7
21
-2
-3
0
12
0
0
-18
-3
-3
10
-13
-16
-4
-9
1
-6
-16
-8
18
-3
15
-15
-5
17
15
16
12
-12
7
21
-12
17
-9
-2
10
-4
-24
-4
-17
5
7
-23
-7
-18
0
5
-2
-16
15
0
20
-2
-3
4
15
23
4
-3
3
11
3
15
-25
6
4
4
-5
-19
-28
8
-3
0
-2
-38
7
0
-5
2
0
-11
39
-3
0
4
-2
29
24
3
1
-2
-6
30
-19
3
-9
-6
0
-9
-35
-11
-5
0
5
-32
-1
-13
10
5
-2
-12
29
4
22
-1
-8
19
22
25
10
-13
-2
25
-7
24
-19
-11
9
2
-24
-2
-34
0
13
-17
-11
-31
-15
13
9
-13
11
-27
19
18
-2
8
15
4
30
7
-16
15
0
28
5
-10
-14
3
-10
16
-27
-19
3
-7
-3
-18
-30
-11
18
-3
6
-40
0
7
21
12
3
-21
34
24
10
13
-15
15
37
27
-8
-9
-28
35
12
14
-27
-35
-15
27
-15
-8
-30
-42
19
6
-22
-24
-18
-15
49
-5
-13
-28
0
28
47
-2
-1
-21
14
52
10
9
-7
-10
22
42
-27
3
-20
0
19
6
-42
-18
-24
7
17
-23
-25
-35
-6
14
14
-25
3
-33
21
22
6
-4
20
-9
40
23
-8
18
8
20
33
14
-21
18
-19
35
7
-3
-25
-10
-33
24
-20
-18
-14
-36
-18
0
-26
-21
0
-42
17
-16
-12
-9
16
-19
46
-16
7
5
13
17
49
-2
18
14
0
47
23
15
14
8
-13
49
-16
22
-4
-9
-19
20
-43
10
-20
-22
-8
-15
-39
-6
-22
-23
11
-35
-15
-17
-11
-11
29
-32
13
-20
3
11
30
-10
33
-13
14
28
15
18
26
0
16
29
-7
27
3
6
7
16
-24
21
-17
5
0
0
-28
5
-27
4
1
-17
-17
-14
-24
0
0
-24
-1
-25
-8
0
2
-14
15
-22
11
2
4
