-17
0
-4
-2
-5
-38
9
28
-48
-10
19
27
-11
13
-35
64
-34
-2
-9
-29
-5
27
36
-55
8
7
22
45
24
23
-29
-9
12
-28
-6
-4
0
-8
0
49
0
-17
-23
19
1
21
-25
35
46
11
10
20
9
-7
-19
-14
9
10
-10
-3
11
-5
8
15
16
3
-6
-10
-6
-5
-6
-19
10
-16
7
10
14
17
8
16
-7
-14
-3
1
10
13
-15
9
13
-14
3
11
-7
-1
-2
0
0
0
0
4
0
0
-7
-7
-9
-3
-1
-7
0
3
-4
8
8
-1
0
8
0
-4
-7
-4
1
1
-4
-6
7
5
-14
15
2
7
-1
-4
-10
7
-1
2
-3
0
0
5
4
0
0
4
4
-6
4
0
-3
-8
2
1
-7
0
0
-3
-5
0
-2
-5
2
-1
2
-4
-3
3
3
-2
0
-2
0
7
-2
0
-1
-3
1
1
0
-4
-2
-3
5
0
3
0
1
0
4
0
3
2
2
7
-5
1
-4
-4
-8
0
0
0
-3
3
-2
0
0
0
-1
-5
0
6
0
-1
1
-4
1
0
1
0
-1
-2
0
-5
-2
0
-5
0
2
-2
0
-1
1
1
-1
-1
2
0
0
0
-3
-1
0
0
2
3
-1
1
-1
0
1
0
2
0
0
-1
-2
0
3
-3
-3
1
-1
-1
1
-2
1
5
0
-3
2
0
2
1
-1
2
-2
-4
0
3
0
1
0
-4
1
0
0
0
1
-1
3
-1
3
0
0
0
0
-1
2
1
1
3
-2
-5
0
0
-3
1
-2
-1
0
-4
0
0
0
-2
1
-2
1
0
-3
1
2
-2
2
0
0
1
-3
0
0
-4
3
4
-3
0
0
0
3
-3
-4
2
-1
1
4
1
-3
0
2
5
3
-1
0
-1
-1
0
2
-1
-2
-2
0
3
-1
-2
0
0
1
1
0
-3
5
-2
4
2
-2
-1
1
-2
2
0
0
1
0
0
2
-3
1
1
2
0
4
-1
0
1
-3
2
1
-5
0
4
-3
5
-1
-2
3
3
-1
2
0
-1
2
-3
0
-1
-5
-1
-2
-5
1
3
-3
6
0
1
1
1
0
3
-2
-1
2
0
2
1
-1
0
0
0
4
1
-2
0
0
-3
2
0
-2
3
-1
-1
0
-3
2
4
-4
-3
0
-2
3
2
0
0
-2
-3
1
0
0
1
-1
-2
3
0
1
2
-1
1
1
-3
1
1
0
1
0
-3
0
2
-1
1
-2
-1
1
0
1
0
-2
-1
2
-2
2
1
-1
1
0
0
0
2
-1
2
-1
-3
2
0
-1
1
-3
-1
0
-2
0
1
0
0
1
-4
2
0
-2
0
1
0
1
0
0
0
-2
-2
2
0
0
3
-3
-1
0
-2
2
4
-2
0
1
-1
2
0
-1
0
-1
-2
0
-1
0
2
-1
-1
1
0
0
2
0
-2
0
-2
-1
0
-3
0
0
-1
2
0
-1
0
0
-1
1
0
0
0
0
-1
2
0
1
0
-4
0
0
-2
2
1
-2
1
-6
-8
0
0
0
3
-3
0
0
-1
0
3
-1
0
0
-3
-1
1
-1
2
-1
-2
3
0
0
3
0
-1
1
-1
1
2
-2
1
0
-2
0
0
-2
0
0
-1
3
0
0
1
-1
-1
2
-3
1
3
-3
2
0
-3
2
2
0
0
-1
-2
3
0
0
2
-3
-1
3
-1
-1
2
-3
0
0
-4
4
2
-1
2
0
-3
4
0
-3
3
-4
-4
2
-3
0
4
-4
0
2
-3
3
4
-2
2
0
-3
4
0
-3
4
-3
1
3
-1
0
2
-3
0
2
-5
2
2
-3
2
0
-6
5
1
-2
4
-4
-2
4
-1
0
2
-5
-1
1
-5
2
1
-3
3
0
-5
2
1
-3
3
-4
-4
3
0
0
4
-6
-1
0
-3
16
4
-3
0
-1
-4
5
0
-3
5
-2
-2
4
-1
0
7
-5
0
3
-4
3
3
-4
2
0
-5
3
0
-4
4
-3
-5
3
-2
0
4
-4
0
4
-4
1
2
-6
1
0
-4
2
3
-3
5
0
-5
5
-2
0
4
-5
-1
2
-4
3
4
-3
1
1
-5
4
0
-1
4
-4
-4
7
-2
0
3
-3
0
2
-4
2
2
-4
1
-1
-5
4
1
0
3
-3
-3
4
-1
1
4
-3
0
0
-2
4
1
-1
2
0
-4
4
-1
-1
4
-3
-2
3
-3
1
4
-6
0
2
-2
3
2
-4
1
0
-1
2
1
0
2
-2
-2
2
-2
0
3
-4
-1
0
-3
2
3
-1
0
0
-3
1
0
-1
3
0
-1
1
-1
1
1
-1
0
1
-3
0
0
-2
1
-1
0
2
0
-1
2
-2
0
-1
0
0
1
0
1
0
-1
0
1
-1
1
1
-1
0
-2
0
2
-1
0
0
0
0
0
0
0
0
0
0
-1
2
0
-1
0
0
-1
0
0
0
0
1
0
0
0
-1
0
1
-1
2
0
0
0
-1
-1
0
0
-1
1
0
-2
0
1
0
0
0
-1
0
0
0
1
0
-1
1
0
0
2
-2
-1
0
-1
0
1
-2
0
0
-1
2
2
-3
0
0
-2
2
1
-2
2
0
-3
2
-2
1
2
-2
-2
0
-2
3
2
-3
0
0
-3
3
1
-1
3
-2
-2
3
-3
0
2
-5
-2
1
-4
3
4
-4
2
-1
-4
4
0
-1
4
-3
-2
4
-2
1
4
-4
0
2
-4
4
2
-3
2
0
-5
5
0
-1
4
-3
-3
5
-2
1
4
-4
0
2
-4
3
3
-4
3
0
-5
4
0
0
4
-4
-3
3
-2
2
3
-6
0
1
-4
3
2
-4
3
-2
-5
6
0
-1
4
-4
-2
4
-3
1
3
-5
0
-1
-4
4
4
-4
3
-2
-4
6
-1
-1
4
-3
-2
4
-5
2
4
-5
0
0
-5
4
3
-3
4
0
-3
7
-1
0
5
-4
-3
3
-5
1
5
-6
1
0
-4
4
4
-3
5
-1
-4
6
0
0
7
-3
-3
4
-5
1
1
-7
0
0
-5
1
1
-3
6
0
-1
5
2
0
5
-2
-3
4
-3
3
1
-5
-2
0
-7
2
0
-5
4
-4
-2
3
0
0
5
-1
0
6
-2
3
3
-3
-1
0
-6
2
0
-6
1
-4
-2
2
1
-2
8
-2
-1
4
-1
4
4
0
-1
1
-8
5
-2
-6
0
-5
-4
2
0
-2
6
-3
0
5
1
4
5
-1
0
6
-5
5
0
-4
0
-3
-10
2
-1
-3
6
-7
-1
1
1
2
8
-2
2
5
-3
7
2
-4
-1
0
-9
4
-2
-4
3
-7
-4
4
0
-1
10
-6
3
6
-4
6
4
-1
3
0
-10
7
-1
-4
1
-6
-4
3
-1
-4
6
-5
1
4
-4
4
10
-2
3
0
-9
9
0
-4
4
-5
-6
6
-7
0
7
-8
0
-1
-6
3
8
-5
0
-1
-1
9
2
-6
5
0
-4
7
-5
0
12
-6
-7
2
-8
10
6
-13
2
-4
-5
8
-3
-5
13
-3
-3
1
-1
8
10
-3
-3
5
0
8
-1
-12
-1
6
-12
2
0
-8
14
-10
-13
5
1
9
16
-17
1
9
-7
13
-1
-3
9
0
-14
1
-5
1
2
-13
-8
3
5
-4
5
-13
4
13
-3
5
11
-4
9
4
-21
15
4
1
6
-16
-11
9
-8
0
4
-12
6
0
-9
1
7
0
9
-2
-5
10
6
2
3
-5
-6
13
-5
-1
4
-11
-4
3
-16
3
7
-11
6
-10
-12
11
4
-2
13
-11
0
12
-4
9
9
-4
5
5
-14
8
-1
-1
1
-11
-12
0
0
-6
0
-12
1
9
7
-4
11
-4
6
17
-7
10
12
0
4
-5
-25
16
-2
-1
0
-26
-4
2
-14
-3
6
-11
18
-4
-7
2
10
10
7
-2
-2
11
7
3
-7
-3
-5
16
-8
-8
0
-10
-1
2
-18
-1
13
-8
9
-15
-11
12
10
5
13
-13
6
18
-8
11
1
0
9
3
-21
3
-6
3
0
-17
-14
-4
1
-4
-3
-17
7
8
8
-7
6
0
13
20
-9
1
11
7
3
-1
-29
12
5
2
-2
-28
-10
10
-8
-2
0
-20
20
-2
-11
0
5
9
24
-8
-1
4
7
21
-2
-3
0
12
0
0
-18
-3
-3
10
-13
-16
-4
-9
1
-6
-16
-8
18
-3
15
-15
-5
17
15
16
12
-12
7
21
-12
17
-9
-2
10
-4
-24
-4
-17
5
7
-23
-7
-18
0
5
-2
-16
15
0
20
-2
-3
4
15
23
4
-3
3
11
3
15
-25
6
4
4
-5
-19
-28
8
-3
0
-2
-38
7
0
-5
2
0
-11
39
-3
0
4
-2
29
24
3
1
-2
-6
30
-19
3
-9
-6
0
-9
-35
-11
-5
0
5
-32
-1
-13
10
5
-2
-12
29
4
22
-1
-8
19
22
25
10
-13
-2
25
-7
24
-19
-11
9
2
-24
-2
-34
0
13
-17
-11
-31
-15
13
9
-13
11
-27
19
18
-2
8
15
4
30
7
-16
15
0
28
5
-10
-14
3
-10
16
-27
-19
3
-7
-3
-18
-30
-11
18
-3
6
-40
0
7
21
12
3
-21
34
24
10
13
-15
15
37
27
-8
-9
-28
35
12
14
-27
-35
-15
27
-15
-8
-30
-42
19
6
-22
-24
-18
-15
49
-5
-13
-28
0
28
47
-2
-1
-21
14
52
10
9
-7
-10
22
42
-27
3
-20
0
19
6
-42
-18
-24
7
17
-23
-25
-35
-6
14
14
-25
3
-33
21
22
6
-4
20
-9
40
23
-8
18
8
20
33
14
-21
18
-19
35
7
-3
-25
-10
-33
24
-20
-18
-14
-36
-18
0
-26
-21
0
-42
17
-16
-12
-9
16
-19
46
-16
7
5
13
17
49
-2
18
14
0
47
23
15
14
8
-13
49
-16
22
-4
-9
-19
20
-43
10
-20
-22
-8
-15
-39
-6
-22
-23
11
-35
-15
-17
-11
-11
29
-32
13
-20
3
11
30
-10
33
-13
14
28
15
18
26
0
16
29
-7
27
3
6
7
16
-24
21
-17
5
0
0
-28
5
-27
4
1
-17
-17
-14
-24
0
0
-24
-1
-25
-8
0
2
-14
15
-22
11
2
4
0
15
-10
17
7
0
10
9
1
17
6
-5
13
0
10
14
2
-7
9
-8
17
4
0
-7
0
-14
11
-5
-3
-6
-9
-10
2
-7
-7
-1
-14
-2
0
-6
-5
2
-11
5
-1
-5
-1
2
-5
10
-4
-4
1
2
0
13
-3
1
0
2
7
10
0
1
2
2
11
3
0
0
0
-2
9
-1
-1
0
-2
-1
7
-6
2
0
-1
0
2
-9
0
-2
-2
1
-2
-7
-3
-2
-3
3
-4
-3
-2
1
0
6
-4
0
0
0
4
4
-5
1
-2
0
4
1
-3
3
-2
1
5
-1
0
3
0
1
5
-2
2
1
0
0
2
-6
0
1
-1
3
0
-6
2
0
1
3
-4
-3
3
-2
3
0
-4
-2
-1
-3
2
0
-5
-1
-2
0
2
0
-3
5
-2
1
2
-2
0
3
-2
2
0
-4
0
3
-1
4
-3
-2
0
2
1
5
-1
-1
3
0
3
2
-1
-1
2
-2
4
0
-3
0
0
-2
4
0
-1
3
-1
-1
4
-3
1
3
-2
0
1
-5
0
1
-3
0
-2
-4
0
0
-1
1
-3
-3
1
1
2
3
-4
0
0
0
2
2
-2
1
0
0
4
0
-1
3
0
0
3
0
0
3
0
0
3
-4
1
3
0
1
0
-7
2
1
0
1
-2
-4
2
0
1
2
-5
-3
2
-2
1
0
-5
-1
0
-3
1
0
-5
2
-3
-1
3
0
-3
5
-2
0
2
-3
-1
5
-1
1
0
-3
2
4
-1
2
0
-3
4
1
1
2
-2
-3
5
-2
4
0
-5
-2
2
-5
3
0
-6
3
-2
-3
3
-2
-2
4
-2
-1
1
-3
0
3
-2
-1
-2
-4
1
3
-4
2
-4
-4
4
3
0
5
-4
0
4
0
4
2
-5
0
1
-3
2
-1
-5
2
-1
-2
1
0
-2
6
0
0
4
-2
4
3
0
-1
1
-8
3
0
-3
0
-6
-5
0
1
-3
4
-6
1
5
1
4
4
-2
0
5
-5
4
-2
-5
-1
-5
-6
0
-2
-6
7
-5
2
2
0
5
9
2
3
5
-5
7
0
0
-2
-4
-8
2
-4
-4
2
-8
1
1
2
3
7
-1
4
6
-2
9
-1
0
-2
0
-9
0
-8
-8
0
-10
-1
-4
0
-1
11
-2
6
3
3
9
3
4
1
1
-7
3
-6
-2
-2
-11
-3
-4
0
-3
6
-7
8
2
3
6
4
4
6
5
-6
6
-6
2
-2
-5
-7
-4
-7
-5
3
-7
5
-4
1
2
8
3
7
2
1
9
-1
5
-1
-1
-4
0
-7
-2
-2
-8
1
-5
-1
0
4
0
9
0
3
7
0
6
2
3
-2
1
-10
0
-1
-4
-4
-7
-2
-2
3
-5
4
-5
5
7
3
3
3
3
1
4
-5
3
-4
-2
-3
-3
-4
-2
-4
-6
1
-2
2
-1
2
1
5
3
2
2
0
4
3
0
-3
0
-3
0
-2
-3
0
-4
-1
-1
1
-1
4
-3
2
0
3
4
0
1
1
4
-1
-1
-3
0
-1
0
-4
-1
-1
-3
1
-1
-1
1
0
0
3
-1
2
0
0
3
0
2
1
-3
0
0
-2
1
-3
-1
0
0
0
-3
-2
-1
0
0
1
-1
3
-1
1
3
0
5
0
2
2
1
-1
0
-5
2
0
-1
-2
-8
0
-2
-1
-2
1
-1
6
-1
2
2
0
4
-1
3
1
2
-2
-4
-6
2
-3
-3
-4
-8
6
-1
-1
-5
0
4
9
0
2
0
4
9
-4
2
0
3
-1
-5
-7
0
-2
-2
-7
-5
8
-1
0
-8
2
9
5
2
-1
2
10
7
-9
0
-5
11
0
-9
-6
-4
0
0
-11
-5
8
0
2
-11
1
6
6
0
-2
2
13
6
-6
-6
-1
15
-2
-5
-7
-3
9
-3
-14
-7
2
9
5
-14
3
1
6
4
-6
5
14
7
-2
-6
-3
13
-5
-1
-9
0
7
-4
-14
-10
0
9
0
-11
1
-1
12
0
-8
1
8
13
3
-8
-1
9
-3
3
-12
-3
6
-2
-8
-13
-2
5
3
-8
0
-3
15
4
-3
-1
8
16
6
0
-3
3
2
8
-15
-2
1
1
-1
-13
-9
1
2
-2
-1
-9
13
3
-1
0
0
15
9
0
-5
0
1
10
-15
-5
-2
1
0
-13
-11
-5
3
2
-1
-11
12
1
7
-1
0
11
10
6
0
-2
1
11
-11
0
-6
1
3
-9
-12
-7
1
3
0
-11
8
0
10
0
-4
7
9
12
2
-1
0
8
-6
5
-12
0
1
-6
-7
-12
-6
1
0
-5
5
-7
10
-1
-1
3
5
12
8
-2
0
3
-1
9
-11
0
0
0
-1
-9
-10
-4
0
0
1
-11
9
-2
4
2
0
8
12
3
5
1
-1
13
-6
4
-4
0
0
-3
-16
-4
-6
2
0
-14
0
-7
5
1
-3
0
13
7
11
-1
-1
11
1
13
-5
-1
0
0
-10
-5
-15
-1
1
-12
-1
-16
3
1
0
-4
11
2
18
1
0
8
5
20
0
-1
-2
3
-4
3
-19
-3
0
-3
0
-18
-5
0
2
0
3
-6
17
3
0
4
-2
18
9
2
-2
0
-3
11
-18
-3
-2
0
0
-16
-16
-5
3
5
0
-20
13
1
8
0
-6
9
19
10
4
-7
-1
19
-4
7
-10
-2
8
-2
-18
-11
-8
8
2
-19
1
-10
11
4
-7
-1
19
13
15
-6
-6
17
5
20
-9
-7
2
7
-13
-6
-25
0
8
-9
-6
-26
1
6
1
-5
6
-4
25
2
-3
4
4
25
7
-5
-4
2
0
12
-24
-6
2
0
0
-22
-18
0
9
2
0
-25
17
7
7
0
-5
9
27
10
-2
-7
-2
26
-1
2
-12
-4
6
5
-27
-12
-5
7
5
-25
-9
-10
10
9
-5
-16
21
9
15
-3
-12
15
19
21
-6
-15
-2
19
-9
2
-25
-9
15
-5
-17
-26
-10
11
13
-14
2
-19
24
15
-5
0
12
19
24
0
-15
8
-2
30
-12
-14
-1
0
-5
-3
-34
-5
12
0
2
-34
-6
6
10
6
-3
-15
31
12
1
-1
-12
24
23
8
-10
-15
-4
26
-16
-4
-14
-10
12
-8
-27
-16
-1
7
14
-27
2
-7
17
17
-4
-4
26
16
14
2
-20
22
11
21
-12
-21
-10
14
-13
-3
-26
-18
19
-8
-11
-26
-9
12
24
-7
6
-21
19
27
-3
8
4
10
25
4
-24
3
-12
28
-2
-19
-10
-13
-3
7
-28
-13
13
-6
15
-28
-15
5
15
16
10
-25
21
15
5
16
-18
13
30
13
-8
-14
-24
30
-2
1
-18
-32
5
6
-25
-16
-12
-6
33
-17
-10
-17
8
30
18
-10
13
1
19
26
-22
8
10
19
5
-13
-33
7
-5
13
-14
-37
3
-4
-6
-8
-21
-10
37
-4
7
-27
-3
30
22
12
6
-16
24
30
-18
14
-16
16
26
-6
-32
-14
-24
29
-5
-26
-5
-32
6
3
-27
-11
19
-3
36
-22
-9
10
14
36
13
-13
15
15
-1
24
-32
8
13
5
-10
-24
-35
12
0
-2
-9
-45
10
5
-6
-6
-6
-8
46
-1
-3
-10
-2
36
29
2
0
-12
6
41
-21
6
-4
-1
15
0
-45
-2
-12
12
9
-40
-15
-16
-2
14
-8
-28
31
-7
19
-1
-17
18
35
20
15
-19
-5
36
-4
24
-19
-15
16
9
-29
-11
-37
6
22
-19
-16
-45
-6
25
5
-15
6
-28
39
17
-15
0
10
20
48
-2
-21
6
2
53
4
-15
-9
0
-6
28
-45
-15
7
-8
0
-30
-44
-2
16
-1
10
-53
10
11
11
13
1
-10
53
18
-4
2
-18
41
31
9
-19
-25
-11
45
-20
-7
-22
-25
24
5
-44
-22
-13
9
41
-33
-25
-30
9
42
16
-32
15
-14
35
40
-25
1
32
24
34
3
-50
27
7
42
-3
-43
-31
11
-23
15
-37
-52
24
-17
-13
-24
-30
-3
58
-11
12
-36
3
50
29
10
7
-17
34
46
-28
8
-14
17
38
1
-50
-16
-16
45
9
-35
-28
-29
6
36
-33
-41
5
-18
36
-8
-48
-21
35
22
48
-40
-17
16
35
66
10
-30
19
37
2
50
-62
-3
28
14
-26
-31
-80
13
22
-11
-17
-88
-13
28
10
-10
-3
-59
70
32
-16
-10
-8
20
91
11
-39
-31
-2
84
47
-18
-36
-33
31
99
-34
-32
-21
0
57
43
-104
-50
-9
41
51
-52
-100
-66
29
76
21
-98
-22
-34
86
90
-36
-61
38
42
96
47
-106
-19
37
93
42
-48
-117
-18
26
96
-19
-115
-45
-20
45
70
-69
-99
41
8
63
16
-103
-40
77
45
57
-56
-87
7
68
81
30
-87
-22
36
42
102
-29
-61
27
38
7
63
-103
-29
33
15
-8
-30
-117
-18
32
1
12
-96
-53
-6
41
27
25
-83
25
15
35
57
-3
-30
55
22
21
43
-48
10
40
23
15
0
-65
21
8
32
6
-36
-48
4
-14
34
-13
-55
-14
-24
-7
15
-28
-45
22
-32
29
-1
-21
-10
41
2
56
-1
-13
24
20
48
41
-4
-17
18
-15
64
-6
-12
-14
-17
-24
38
-47
-16
-5
-41
4
-3
-53
-14
2
-29
42
-34
-29
-11
4
10
59
-36
5
-9
5
52
42
-13
28
-7
5
71
-3
17
24
-8
8
52
-52
33
-6
-7
12
0
-73
14
-39
-4
17
-49
-50
-24
-40
2
23
-66
2
-50
-9
21
26
-36
47
-44
27
41
8
15
54
-16
46
40
-23
50
19
13
47
12
-42
45
-27
40
26
-12
-36
10
-53
45
-6
-30
-21
-32
-50
23
-32
-38
0
-65
-15
-5
-29
-27
28
-62
38
-17
-9
6
37
-15
75
-8
3
31
11
40
63
-1
5
24
-18
65
18
4
2
2
-26
57
-22
8
-1
-17
-21
30
-48
7
-10
-31
-7
-6
-56
-4
-17
-34
20
-42
-34
-18
-9
-11
43
-49
7
-18
5
21
40
-21
35
-10
11
41
16
9
32
-3
9
40
-12
24
14
-1
12
26
-32
28
-5
5
14
0
-39
18
-25
15
7
-23
-30
-5
-35
14
-3
-34
-6
-33
-20
3
-7
-25
16
-38
7
1
-2
-6
25
-21
28
6
-2
11
19
1
33
